 ASCII 3
!File started at: 2025/08/25 22:24:10
 Degrees of freedom: 
displacement             :      432     144   3 : stress analysis
displacement 1           :      144     144   1 : stress analysis
displacement 2           :      144     144   1 : stress analysis
displacement 3           :      144     144   1 : stress analysis
 Total DOFs:            3
 Number Of Nodes:          144
Time:       1      1  1.00000000E+000
displacement 1
Perm:          144          144
          1        144
          2         84
          3        143
          4         77
          5        134
          6        130
          7         74
          8         73
          9         72
         10         12
         11         71
         12         11
         13         62
         14         58
         15          2
         16          1
         17        142
         18        136
         19        128
         20        120
         21        114
         22        108
         23        102
         24         96
         25         90
         26        139
         27        132
         28        123
         29        115
         30        109
         31        103
         32        101
         33         94
         34         86
         35        141
         36        138
         37        125
         38        124
         39        116
         40        112
         41        106
         42         98
         43         91
         44         88
         45         81
         46        122
         47        121
         48        118
         49        110
         50        105
         51         97
         52         92
         53         87
         54         80
         55         76
         56         75
         57         70
         58         64
         59         56
         60         48
         61         42
         62         36
         63         30
         64         24
         65         18
         66         67
         67         60
         68         55
         69         46
         70         38
         71         31
         72         25
         73         23
         74         16
         75         69
         76         66
         77         52
         78         51
         79         43
         80         40
         81         33
         82         26
         83         20
         84         13
         85          9
         86         50
         87         49
         88         44
         89         37
         90         32
         91         28
         92         19
         93         14
         94          6
         95          4
         96          3
         97         93
         98        104
         99        117
        100        131
        101         85
        102        111
        103        100
        104        127
        105        137
        106         79
        107         83
        108        129
        109         95
        110        107
        111        119
        112        135
        113         89
        114        113
        115        126
        116         99
        117        133
        118         78
        119         82
        120        140
        121         22
        122         35
        123         45
        124         59
        125         15
        126         39
        127         27
        128         54
        129         65
        130          5
        131          8
        132         57
        133         29
        134         17
        135         41
        136         53
        137         34
        138         21
        139         63
        140         47
        141          7
        142         61
        143         10
        144         68
   0.0000000000000000     
   0.0000000000000000     
   0.0000000000000000     
   0.0000000000000000     
  0.55805125920512921     
  0.55634255479374495     
  0.28032504947863884     
  0.26902508749196313     
  -2.4142688478051197     
  -2.3377184547833765     
  -4.1741060589904446     
  -4.1275901983866277     
  -5.9795275519385012     
  -7.7395893136812930     
  -6.0556958136409111     
  -7.8474550809509820     
   0.0000000000000000     
   0.0000000000000000     
   0.0000000000000000     
   0.0000000000000000     
   0.0000000000000000     
   0.0000000000000000     
   0.0000000000000000     
   0.0000000000000000     
   0.0000000000000000     
   0.0000000000000000     
   0.0000000000000000     
   0.0000000000000000     
   0.0000000000000000     
   0.0000000000000000     
   0.0000000000000000     
   0.0000000000000000     
   0.0000000000000000     
   0.0000000000000000     
  0.30590656184773968     
  0.30474796947218774     
  0.53716655627234622     
  0.50983315312577415     
  0.31747259132532951     
  0.12145748003720976     
  -4.9151207046407075E-002
 -0.15016669617453285     
   2.8729131224616553E-002
  0.23348177591565861     
  0.39417947150785171     
  0.53516405267250189     
  0.50219246191790012     
  0.29949692570634789     
   9.6642678640690621E-002
  -6.0478129634093138E-002
 -0.13352369600631117     
   5.6763014063582667E-002
  0.24410962839321634     
  0.38358367072449745     
  -8.3865278509227204E-002
  -7.5198919779150733E-002
  -2.4137041681962210     
  -2.4091853194007746     
  -2.3972772568995300     
  -2.3823273346383136     
  -2.3701609927409613     
  -2.3559025453505473     
  -2.3439383693038374     
  -2.3365781043745448     
  -2.3367185020247918     
  -4.1734835479601839     
  -4.1702721525211599     
  -4.1575077955013846     
  -4.1429590751255274     
  -4.1358277413041522     
  -4.1276015777447270     
  -4.1244625355054350     
  -4.1237978076312052     
  -4.1269281885101963     
  -4.1973752975261442     
  -5.9571760490865140     
  -5.9796521321849498     
  -5.9830959948126639     
  -5.9975047089824178     
  -6.0108572114470764     
  -6.0239421735498127     
  -6.0347225398411917     
  -6.0404367895167645     
  -6.0508660524194884     
  -6.0550754940790474     
  -7.7412912334666135     
  -7.7494660033479859     
  -7.7663287780666703     
  -7.7831615684938109     
  -7.8010456388369471     
  -7.8165670954591224     
  -7.8297600164909777     
  -7.8435526433088745     
  -7.8481527064693317     
  -4.1975711933340616     
  -5.9886943059516105     
  -3.6528397833799353E-002
  -1.7524060912249818E-003
   9.7922971256973149E-002
  0.30913609463511321     
 -0.23272463001043706     
   7.5664468014740313E-003
   8.3464597974928986E-003
  0.28279299919326623     
  0.21799027897897438     
  -2.2032301587910478E-002
 -0.22540157647656181     
  0.41183459779797554     
  -4.5034852628705518E-002
  -2.3177029401905791E-003
  0.10939360830178470     
  0.23997106085950248     
 -0.22226334071846768     
   1.9294453610768064E-002
  0.30613045424683033     
  -5.6734456797055193E-003
  0.37245837479855809     
  -4.5613632128541845E-003
 -0.21445025922907315     
  0.17343500588947175     
  -5.9813510261929270     
  -5.8804803079508350     
  -5.9612648416289211     
  -6.1968746228599922     
  -5.7949714109259878     
  -6.0098367299967563     
  -6.0231309267001123     
  -5.8826559577521715     
  -5.4815127229517691     
  -6.4964537585955400     
  -5.2340851334417611     
  -6.7095512576502347     
  -4.1113049244975182     
  -3.9446692178067644     
  -4.1114850893222670     
  -4.2570007120832036     
  -4.2274112211136146     
  -4.2848340967949090     
  -3.9573080334136943     
  -4.1936537590183391     
  -4.6919114303095393     
  -4.6716547966391060     
  -3.4128548676905011     
  -3.4445625619118814     
displacement 2
Perm: use previous
   0.0000000000000000     
   0.0000000000000000     
   0.0000000000000000     
   0.0000000000000000     
 -0.13906882947837165     
 -0.14105550603407865     
  0.41862169493658213     
  0.38707417117809995     
   6.5390053722963035     
  -11.754826513204822     
   5.0274831553545445     
  -13.218512336428406     
   6.5395635443871072     
   5.0272321100627781     
  -11.754554529025549     
  -13.218410569992823     
   0.0000000000000000     
   0.0000000000000000     
   0.0000000000000000     
   0.0000000000000000     
   0.0000000000000000     
   0.0000000000000000     
   0.0000000000000000     
   0.0000000000000000     
   0.0000000000000000     
   0.0000000000000000     
   0.0000000000000000     
   0.0000000000000000     
   0.0000000000000000     
   0.0000000000000000     
   0.0000000000000000     
   0.0000000000000000     
   0.0000000000000000     
   0.0000000000000000     
 -0.11542657015947112     
 -0.11813507996830810     
  -7.1465894388296897E-002
  -5.9090164942778314E-002
  -5.5588437570229202E-002
  -1.1169768976559918E-002
   3.9464968575759901E-002
  -5.6398259349361657E-002
 -0.14649111722778863     
 -0.17458168275143995     
  0.31646111600113030     
  -7.3069362847329580E-002
  -5.8296743975611069E-002
  -4.6563774723672451E-002
   1.3240855343534088E-002
   7.7919214444747031E-002
  -1.9056327092936663E-002
 -0.13184075791315369     
 -0.17950104406062101     
  0.29229526029488306     
  0.28813502966625260     
  0.28550896162624329     
   4.7583058655325354     
   2.9786437908269532     
   1.1841216111576971     
 -0.63875313380468124     
  -2.4703848334572949     
  -4.3154429430104990     
  -6.1707415783043444     
  -8.0328945606508100     
  -9.8945030674758012     
   3.2473902369061229     
   1.4683497602493680     
 -0.32040350781129329     
  -2.1355708717423951     
  -3.9581342431014965     
  -5.7957741037872701     
  -7.6440115473230685     
  -9.5010829786255204     
  -11.359422074694653     
   6.5394000162109371     
   5.0274601708734004     
   4.7593440054553637     
   2.9734365769233717     
   1.1779858260699729     
 -0.63875437314267136     
  -2.4723869916641830     
  -4.3160512948834882     
  -6.1707231366983093     
  -8.0352541834696449     
  -9.8960714095470550     
   3.2480217335603201     
   1.4649817724518097     
 -0.32556263550559139     
  -2.1353025811885318     
  -3.9597012738840029     
  -5.7951876318299833     
  -7.6434391174604501     
  -9.5026856360993168     
  -11.361264051242472     
  -11.754902806193289     
  -13.218061290903625     
 -0.13881308897135700     
   3.6976693714077621E-002
   1.1757324360996102E-002
  -3.0675050048378064E-002
   1.3309574576702029E-002
   7.2007872532632328E-002
  -7.1939148428619273E-002
  -2.7145918026067358E-002
  -4.0260628891239492E-002
  0.27715769493798642     
  0.17988842311910044     
  -7.6711580502857271E-002
 -0.14697023812533369     
   7.9601539462034504E-004
  -1.9767650552575378E-003
  -2.0265580766205556E-002
   1.4287687445122986E-002
   4.2812453595031594E-002
  -3.2482304505393515E-002
  -9.7847788420631146E-002
  -6.4940488701225471E-002
  0.30546749188623151     
  0.15414236789985508     
  -3.0365300883341877E-002
  -8.5641236860025547     
  -4.8705487775581826     
  -1.2211372668578779     
   2.3589275774127674     
  -10.432559582125974     
  -3.0434745794423637     
  -6.7089515927663212     
  0.58991058378817962     
   3.8562696385573698     
  -11.999973220202294     
  -12.115925680008761     
   3.9953125382111598     
  -5.2410065220807374     
  -8.9661909405246085     
  -1.5557677976047728     
   2.0800938137885812     
  -3.3895536675067293     
  -7.0988504386464921     
   3.8697683791355266     
  0.27586187113328126     
  -10.533211011036663     
   5.3690485789666660     
  -10.676413210625379     
   5.5059083214478148     
displacement 3
Perm: use previous
   0.0000000000000000     
   0.0000000000000000     
   0.0000000000000000     
   0.0000000000000000     
  0.12807305651991285     
  0.12897103505661742     
 -0.29110423197179880     
 -0.29393347284980309     
   35.807784985776472     
  -52.674992764346477     
   35.807869966322407     
  -52.675174559723885     
   50.928066163105512     
   50.928044555505132     
  -38.045394667290033     
  -38.045406131543857     
   0.0000000000000000     
   0.0000000000000000     
   0.0000000000000000     
   0.0000000000000000     
   0.0000000000000000     
   0.0000000000000000     
   0.0000000000000000     
   0.0000000000000000     
   0.0000000000000000     
   0.0000000000000000     
   0.0000000000000000     
   0.0000000000000000     
   0.0000000000000000     
   0.0000000000000000     
   0.0000000000000000     
   0.0000000000000000     
   0.0000000000000000     
   0.0000000000000000     
   7.5671081454712477E-002
   7.6936602924030456E-002
   9.4881612347268648E-002
   2.8386386803971344E-002
 -0.33036227750999830     
  -1.0853698738864022     
  -1.8189258809796776     
  -1.8113769077851654     
 -0.76249396136943826     
  -8.5981737287739710E-002
  0.13911511235537791     
   9.5149371142494513E-002
   2.7624762020971590E-002
 -0.33323055385297157     
  -1.0878551243658432     
  -1.8204285454469256     
  -1.8107389567705725     
 -0.76007049464685406     
  -8.4130490000706243E-002
  0.13765907811998371     
 -0.94106415644142971     
 -0.94146359976901584     
   27.009566496117923     
   18.208425388403072     
   9.4037257512931927     
  0.62627283390355681     
  -8.1676002534066363     
  -17.000373735642018     
  -25.867110909806307     
  -34.779650930807648     
  -43.728957789581990     
   27.009700324252766     
   18.208600556407696     
   9.4046315534344522     
  0.62683481872227642     
  -8.1679321291968723     
  -16.999464223545552     
  -25.867972350659905     
  -34.779134623025314     
  -43.729130539877175     
   43.366129458567784     
   43.366170016008248     
   42.126200066785465     
   33.307549804185292     
   24.460046556226160     
   15.592757043834332     
   6.7058214925332580     
  -2.2027985365557052     
  -11.140098697885124     
  -20.110658189468630     
  -29.084085027450250     
   42.125890379562165     
   33.306750400091495     
   24.459740048807436     
   15.592171416583215     
   6.7042223749031988     
  -2.2024985851428465     
  -11.141189137628931     
  -20.110935849827303     
  -29.084421197379953     
  -45.362847192949530     
  -45.362896145841482     
 -0.27164753396265867     
 -0.76227649677608433     
 -0.29345023395813152     
   4.0322073633438642E-002
 -0.34471411052622297     
 -0.67287812254315382     
 -0.64152722416764474     
  -4.8337139204141170E-002
   4.0525115839797003E-002
 -0.69218364065903215     
  -1.0612522198993031     
   7.6784101527223911E-002
 -0.27242240499455594     
 -0.76185988540425786     
 -0.28729550964712686     
   3.1636915836665301E-002
 -0.34347387869921164     
 -0.66995905861315130     
  -5.4651481877691921E-002
 -0.64308163492824100     
   6.6794944531357481E-002
 -0.68914599993211179     
  -1.0579572744495429     
   3.1720995730367393E-002
  -22.939749448385161     
  -5.5030370154729873     
   12.537350948484574     
   31.177286820381720     
  -32.674785764066080     
   3.8705084249778579     
  -13.816155511018632     
   21.100072453108492     
   35.567816181163764     
  -37.488045285676520     
  -43.018447813688098     
   41.455723046446529     
  -14.381384947506298     
  -32.906536989488508     
   3.3253566549576461     
   21.602113298003928     
  -5.0271138207051989     
  -22.599171577420975     
   29.152482015367813     
   12.504198115647709     
  -37.524934442681015     
   39.595298121653762     
  -43.257755302567034     
   35.074072473238452     
Time:       2      2  1.00000000E+000
displacement 1
Perm:          144          144
          1        144
          2         84
          3        143
          4         77
          5        134
          6        130
          7         74
          8         73
          9         72
         10         12
         11         71
         12         11
         13         62
         14         58
         15          2
         16          1
         17        142
         18        136
         19        128
         20        120
         21        114
         22        108
         23        102
         24         96
         25         90
         26        139
         27        132
         28        123
         29        115
         30        109
         31        103
         32        101
         33         94
         34         86
         35        141
         36        138
         37        125
         38        124
         39        116
         40        112
         41        106
         42         98
         43         91
         44         88
         45         81
         46        122
         47        121
         48        118
         49        110
         50        105
         51         97
         52         92
         53         87
         54         80
         55         76
         56         75
         57         70
         58         64
         59         56
         60         48
         61         42
         62         36
         63         30
         64         24
         65         18
         66         67
         67         60
         68         55
         69         46
         70         38
         71         31
         72         25
         73         23
         74         16
         75         69
         76         66
         77         52
         78         51
         79         43
         80         40
         81         33
         82         26
         83         20
         84         13
         85          9
         86         50
         87         49
         88         44
         89         37
         90         32
         91         28
         92         19
         93         14
         94          6
         95          4
         96          3
         97         93
         98        104
         99        117
        100        131
        101         85
        102        111
        103        100
        104        127
        105        137
        106         79
        107         83
        108        129
        109         95
        110        107
        111        119
        112        135
        113         89
        114        113
        115        126
        116         99
        117        133
        118         78
        119         82
        120        140
        121         22
        122         35
        123         45
        124         59
        125         15
        126         39
        127         27
        128         54
        129         65
        130          5
        131          8
        132         57
        133         29
        134         17
        135         41
        136         53
        137         34
        138         21
        139         63
        140         47
        141          7
        142         61
        143         10
        144         68
   0.0000000000000000     
   0.0000000000000000     
   0.0000000000000000     
   0.0000000000000000     
   2.4210143058431268     
   2.4126705493355880     
   1.0170623946936721     
  0.91322300647851262     
   15.353411381750762     
   15.844702138837718     
   14.268928403059114     
   14.532444765546115     
   16.709720239732981     
   15.627325247887109     
   16.648253902391041     
   15.353730849815561     
   0.0000000000000000     
   0.0000000000000000     
   0.0000000000000000     
   0.0000000000000000     
   0.0000000000000000     
   0.0000000000000000     
   0.0000000000000000     
   0.0000000000000000     
   0.0000000000000000     
   0.0000000000000000     
   0.0000000000000000     
   0.0000000000000000     
   0.0000000000000000     
   0.0000000000000000     
   0.0000000000000000     
   0.0000000000000000     
   0.0000000000000000     
   0.0000000000000000     
   1.3318928152447373     
   1.3262562155841318     
   2.3384332457244863     
   2.0987570516805447     
   1.1282259572900954     
   9.3013998316251678E-002
 -0.75459281352500884     
 -0.91658454796521005     
   9.5396216441137729E-002
   1.0008901715974594     
   1.6335648255121737     
   2.3310935950511231     
   2.0809573306129514     
   1.1021845759800797     
   6.3630507515160306E-002
 -0.71779237760615999     
 -0.76757052620867861     
  0.27116787432030348     
   1.0765822474711237     
   1.5649706512158097     
 -0.95545606044280706     
 -0.93309256603973800     
   15.357801377840156     
   15.360274417769403     
   15.354200815882042     
   15.354324762013244     
   15.380296141186252     
   15.453658927871418     
   15.546750619210083     
   15.662072619424082     
   15.802986897927839     
   14.270385944290947     
   14.259243838532230     
   14.232508436514228     
   14.204071461090711     
   14.191574518273228     
   14.225764670990811     
   14.288154341110033     
   14.386964638942199     
   14.497258149348269     
   16.023864810177887     
   14.940709413516759     
   16.706321416756793     
   16.730117772281961     
   16.756235400092272     
   16.776516239362895     
   16.797443223051669     
   16.774517387113900     
   16.728122823972651     
   16.670526658602110     
   16.649394062347319     
   15.618250318150725     
   15.633848416555871     
   15.649350246434384     
   15.651848162596623     
   15.634878946863802     
   15.581081290427443     
   15.501355049278420     
   15.413000419157020     
   15.367389079533373     
   16.256196002717523     
   14.957207857471154     
   4.0934694907358647E-002
 -0.15843919066680248     
  0.27514709493493389     
   1.3597755063583417     
  -1.0792791566099960     
 -0.25312764035872515     
  0.19676129219884803     
   1.0917413935119706     
  0.95016556751317560     
 -0.67796966706055672     
  -1.3429306096807825     
   1.7891785788093801     
  -1.6618131738705536E-002
 -0.20866395151937561     
  0.29063558485890029     
   1.0624477330403057     
  -1.0228799584348101     
 -0.24627496811948346     
   1.1700962168847582     
   9.7019035886785912E-002
   1.6204005295388995     
 -0.54577673188238618     
  -1.2655113358180488     
  0.75573492229748718     
   14.908915880751982     
   14.875850081427400     
   14.933332394546101     
   15.026019801192318     
   14.887284682864047     
   14.941958486613975     
   14.926455367957015     
   14.908345921099366     
   14.764939710273167     
   15.068121488701907     
   14.781734082865663     
   15.225369390954400     
   16.111399684974991     
   16.152377750481428     
   16.047457088293143     
   16.067829935273302     
   16.116297888562748     
   16.190370877996809     
   15.938573657223589     
   16.055829886586810     
   16.358282324516360     
   16.203130016560792     
   16.084071602337261     
   15.742325476751580     
displacement 2
Perm: use previous
   0.0000000000000000     
   0.0000000000000000     
   0.0000000000000000     
   0.0000000000000000     
 -0.60426002068472140     
 -0.61326621053229247     
   1.5400596833203550     
   1.0933883065716274     
 -0.36849013459775992     
   6.0750361934644372     
   1.1939520312858809     
   7.5096486375684197     
 -0.36792689773052112     
   1.1961806374655950     
   6.0551802100155712     
   7.4756837220773367     
   0.0000000000000000     
   0.0000000000000000     
   0.0000000000000000     
   0.0000000000000000     
   0.0000000000000000     
   0.0000000000000000     
   0.0000000000000000     
   0.0000000000000000     
   0.0000000000000000     
   0.0000000000000000     
   0.0000000000000000     
   0.0000000000000000     
   0.0000000000000000     
   0.0000000000000000     
   0.0000000000000000     
   0.0000000000000000     
   0.0000000000000000     
   0.0000000000000000     
 -0.50173518006844264     
 -0.51398435797882125     
 -0.32564804122244645     
 -0.24342695711503146     
 -0.28763622593667393     
  0.13478654243119401     
  0.65726327483552405     
  0.42360088068654261     
 -0.75335945319092035     
  -1.0539922177175038     
  0.78007395313439420     
 -0.33383716302624622     
 -0.24688920439875506     
 -0.27804962764562458     
  0.15787550064520164     
  0.67891154076590676     
  0.38480063926566804     
 -0.93249369191649523     
  -1.3424274577867445     
  0.37536384880396378     
  0.98786407513577912     
  0.74164722097704094     
  0.30323242522646660     
  0.96763888313361346     
   1.6781824771522080     
   2.4255585802060433     
   3.1898697772764248     
   3.9418299521016902     
   4.6239925888773135     
   5.2080971162237883     
   5.6623188048840269     
   1.8652297586228255     
   2.5290467426127181     
   3.2299152366521984     
   3.9642676883485799     
   4.7059954519161229     
   5.4348343821368079     
   6.0934145242708979     
   6.6616737815414382     
   7.1085694864085989     
 -0.36860876300334638     
   1.1941508159616245     
  0.31004155552327334     
  0.98614575044087027     
   1.6909730830932157     
   2.4313535367706378     
   3.2102829864124711     
   3.9416726142268765     
   4.6305180459554194     
   5.2523118170352170     
   5.6935860103140090     
   1.8733492995379659     
   2.5475031770686449     
   3.2432708242140516     
   3.9696976195982119     
   4.7288287191849756     
   5.4362032594601821     
   6.0980061642366685     
   6.6971017918470723     
   7.1250538576355256     
   6.0702488953701117     
   7.4885911545941664     
  -1.1087281936423823     
  0.24659495036309673     
   2.3744000613080293E-002
 -0.14998955698349212     
 -0.38840986049720683     
  0.44723207561422751     
 -0.30735645114531895     
  -9.8198047894653723E-002
 -0.17838717432958356     
  0.57359203509239987     
  0.60624887432033359     
 -0.33940924385951959     
 -0.92303025727322285     
  0.23242634756795097     
   5.7653580846263510E-003
 -0.10292688860673704     
 -0.14238224375299249     
  0.41178095554975225     
 -0.11145847310075210     
 -0.22982950066416405     
 -0.28809919155222463     
  0.99791995530723954     
  0.67207919095538093     
 -0.13404085290243961     
   6.4115467957460472     
   5.0924915112654734     
   3.5987624057792087     
   2.2017506612717668     
   6.9335052247340228     
   4.3424807485261194     
   5.7867186251156975     
   2.8734577376961834     
   1.6378681925007768     
   7.2484836599394740     
   7.2702746699681731     
   1.5919717009610219     
   4.3087607668552081     
   5.4922592388672511     
   2.8181440523783796     
   1.3236913696621164     
   3.5879533419067982     
   4.9556549580350264     
  0.63837481995677570     
   2.0513649872331570     
   5.8256694886148042     
   8.3214849313372405E-002
   5.8402499172970153     
   2.2120418371991458E-002
displacement 3
Perm: use previous
   0.0000000000000000     
   0.0000000000000000     
   0.0000000000000000     
   0.0000000000000000     
  0.58262591860418433     
  0.58677198597634528     
   9.5514879011165927     
   9.5402906816666722     
   49.300213851784463     
  -10.525647276065131     
   49.300444585796434     
  -10.522904343209266     
   33.676898862149699     
   33.676343322749958     
  -24.697378898897139     
  -24.697262637227091     
   0.0000000000000000     
   0.0000000000000000     
   0.0000000000000000     
   0.0000000000000000     
   0.0000000000000000     
   0.0000000000000000     
   0.0000000000000000     
   0.0000000000000000     
   0.0000000000000000     
   0.0000000000000000     
   0.0000000000000000     
   0.0000000000000000     
   0.0000000000000000     
   0.0000000000000000     
   0.0000000000000000     
   0.0000000000000000     
   0.0000000000000000     
   0.0000000000000000     
  0.34048223103614034     
  0.34604391761196412     
  0.41384156849639481     
  0.25537990839884234     
 -0.49834373956228634     
  -1.4349876725703614     
  -1.9909673153740766     
  0.63259902637370846     
   7.2737348922074050     
   11.246233615298980     
   13.064044155844497     
  0.41434886900384876     
  0.25002352916273018     
 -0.51363711153122082     
  -1.4493670386753001     
  -2.0002596583108656     
  0.63498589873675759     
   7.2845826599766559     
   11.253661238638616     
   13.055767742501466     
 -0.75553436879353963     
 -0.74886882883019656     
   43.879382699764783     
   38.416582815552623     
   32.875091032118789     
   27.167478691717864     
   21.298727396361727     
   15.195335418379861     
   8.9126447312459582     
   2.5584430545952555     
  -3.9012818296719023     
   43.879601131247597     
   38.414848143830810     
   32.875180346855984     
   27.167778621242189     
   21.301268242581507     
   15.196385276211458     
   8.9173141824591315     
   2.5637821755715722     
  -3.8977032711362054     
   41.488066427804782     
   41.487858596424886     
   28.261252273333969     
   22.798701813190625     
   17.317937036891070     
   11.783776868466973     
   6.1125718467237924     
  0.25664417605549433     
  -5.7587128227743820     
  -11.880362340942234     
  -18.245980730798081     
   28.260797887312066     
   22.800085655039616     
   17.317123573025324     
   11.785025777348158     
   6.1114399726807616     
  0.25430590574349338     
  -5.7604956595451773     
  -11.884105820972829     
  -18.245013517125180     
  -17.622897369667140     
  -17.620854867533669     
   3.5906424320550387     
 -0.61025979082406623     
 -0.49654363131057550     
  0.17285566774361760     
   2.9079156081142954     
  -1.1621266032795856     
   1.2983056163653650     
  -5.0765183632044811E-002
  0.17569555865716921     
   3.0581820284082997     
  -3.2101327933553354     
  0.34096699635987698     
   3.5830715936701258     
 -0.60783846364659000     
 -0.47953921305228142     
  0.12787646147662704     
   2.9122558710511122     
  -1.1506520632092971     
  -5.2817638830927785E-002
   1.2910833977442580     
  0.29453902365609541     
   3.0716101752294120     
  -3.1969975044409908     
  0.13737556863038217     
  -1.5275183956168714     
   11.116722560591505     
   22.316469773209889     
   32.304115019042868     
  -7.1561113425509335     
   16.439231547426584     
   4.5063170192295008     
   28.223094902225590     
   40.004389198254010     
  -15.302380769103408     
  -10.883170290562420     
   35.058748498479957     
   5.0034057618760936     
  -6.9304908042986071     
   16.972030827772130     
   27.571194172254472     
   10.612081416007509     
  -1.9025276924393859     
   34.397904391294823     
   22.309066119525969     
  -15.245279203308863     
   35.853756268453580     
  -10.853336516583507     
   41.641353371579044     
Time:       3      3  1.00000000E+000
displacement 1
Perm:          144          144
          1        144
          2         84
          3        143
          4         77
          5        134
          6        130
          7         74
          8         73
          9         72
         10         12
         11         71
         12         11
         13         62
         14         58
         15          2
         16          1
         17        142
         18        136
         19        128
         20        120
         21        114
         22        108
         23        102
         24         96
         25         90
         26        139
         27        132
         28        123
         29        115
         30        109
         31        103
         32        101
         33         94
         34         86
         35        141
         36        138
         37        125
         38        124
         39        116
         40        112
         41        106
         42         98
         43         91
         44         88
         45         81
         46        122
         47        121
         48        118
         49        110
         50        105
         51         97
         52         92
         53         87
         54         80
         55         76
         56         75
         57         70
         58         64
         59         56
         60         48
         61         42
         62         36
         63         30
         64         24
         65         18
         66         67
         67         60
         68         55
         69         46
         70         38
         71         31
         72         25
         73         23
         74         16
         75         69
         76         66
         77         52
         78         51
         79         43
         80         40
         81         33
         82         26
         83         20
         84         13
         85          9
         86         50
         87         49
         88         44
         89         37
         90         32
         91         28
         92         19
         93         14
         94          6
         95          4
         96          3
         97         93
         98        104
         99        117
        100        131
        101         85
        102        111
        103        100
        104        127
        105        137
        106         79
        107         83
        108        129
        109         95
        110        107
        111        119
        112        135
        113         89
        114        113
        115        126
        116         99
        117        133
        118         78
        119         82
        120        140
        121         22
        122         35
        123         45
        124         59
        125         15
        126         39
        127         27
        128         54
        129         65
        130          5
        131          8
        132         57
        133         29
        134         17
        135         41
        136         53
        137         34
        138         21
        139         63
        140         47
        141          7
        142         61
        143         10
        144         68
   0.0000000000000000     
   0.0000000000000000     
   0.0000000000000000     
   0.0000000000000000     
   5.5405634150023939     
   5.5223444321603576     
   2.4979720147398106     
   2.3154131470558537     
  -9.7775524548577568     
  -8.8041434867097355     
  -7.9749665661113562     
  -7.4625116091854053     
  -9.3996644561637730     
  -7.5950737563075048     
  -9.7493337857747200     
  -8.3913507480997520     
   0.0000000000000000     
   0.0000000000000000     
   0.0000000000000000     
   0.0000000000000000     
   0.0000000000000000     
   0.0000000000000000     
   0.0000000000000000     
   0.0000000000000000     
   0.0000000000000000     
   0.0000000000000000     
   0.0000000000000000     
   0.0000000000000000     
   0.0000000000000000     
   0.0000000000000000     
   0.0000000000000000     
   0.0000000000000000     
   0.0000000000000000     
   0.0000000000000000     
   3.0436048821691934     
   3.0312789488640366     
   5.3448493722952604     
   4.9096223447066301     
   2.8197398805611842     
  0.62811239087436521     
  -1.2055599099053949     
  -1.8259647787333688     
  0.25386830577393349     
   2.2809866957820484     
   3.7603902786452177     
   5.3268127107476682     
   4.8546729078868829     
   2.7116825936061804     
  0.48690419516680844     
  -1.2043360343156462     
  -1.5605029369867394     
  0.60104203335717543     
   2.4228556775527754     
   3.6263365744393159     
  -1.5794543986322582     
  -1.5141854658590539     
  -9.7694292474706650     
  -9.7485106258169623     
  -9.7079433267357160     
  -9.6467232106395837     
  -9.5622135356891018     
  -9.4053577067142555     
  -9.2317644966442760     
  -9.0449457379937410     
  -8.8559398932763767     
  -7.9705262697581878     
  -7.9734758960164607     
  -7.9591137826132616     
  -7.9415117063147802     
  -7.9342193279174067     
  -7.8607033903378767     
  -7.7701449213547402     
  -7.6388205216729794     
  -7.5064216994777855     
  -9.6003775574755910     
  -7.7958850339798937     
  -9.4045660153680011     
  -9.3856350790213643     
  -9.4061858493044657     
  -9.4290875633617137     
  -9.4473314517146409     
  -9.5142552326660592     
  -9.5915685517553655     
  -9.7062115067890442     
  -9.7472495257440155     
  -7.6137650495967524     
  -7.6250327541000065     
  -7.6713360891677089     
  -7.7355933055279547     
  -7.8295355497077939     
  -7.9637980526236110     
  -8.1222020844171858     
  -8.2977474824397301     
  -8.3760125230476685     
  -9.2653477415340895     
  -7.9110359038392932     
  -6.7307122540899711E-002
 -0.21212487460979318     
  0.77493014148793204     
   3.0954086300092767     
  -2.3372075008256297     
 -0.30277670499908060     
  0.31298514597622185     
   2.6248361111226077     
   2.1702244758311080     
 -0.95232174684603821     
  -2.6755941641560015     
   4.0922965121178638     
 -0.17735189278829425     
 -0.28073867249869983     
  0.84231951913605185     
   2.4122525023820551     
  -2.2192207508312420     
 -0.24512980754567468     
   2.8255046358045290     
  0.12327531581117766     
   3.7041183807652618     
 -0.70732444042153653     
  -2.5291377417415468     
   1.7262874577801572     
  -7.9380411507420900     
  -7.8870354830523395     
  -7.8297959273999940     
  -7.7815445029382424     
  -7.8861743626404079     
  -7.8571465812619712     
  -7.9223342756929460     
  -7.8107374800856597     
  -7.8359990397529451     
  -8.0377787228800486     
  -7.7328400527179530     
  -7.7186633673830052     
  -9.4171337546013802     
  -9.2550828783648083     
  -9.5250288417287514     
  -9.5532878322249974     
  -9.4707805302697032     
  -9.3850376094121799     
  -9.6134550223898625     
  -9.5533234724377412     
  -9.3952075091326357     
  -9.5503241268392678     
  -9.0690837398328359     
  -9.6720294952816168     
displacement 2
Perm: use previous
   0.0000000000000000     
   0.0000000000000000     
   0.0000000000000000     
   0.0000000000000000     
  -1.3831112723665191     
  -1.4028561960534067     
   3.7319870500584216     
   3.0164532196365563     
  -3.6430052744730119     
  -4.0138712380272308     
  -4.5638488698089184     
  -4.9182638465684843     
  -3.6397973898839169     
  -4.5616866752883727     
  -4.0402748140076321     
  -4.9648965674222669     
   0.0000000000000000     
   0.0000000000000000     
   0.0000000000000000     
   0.0000000000000000     
   0.0000000000000000     
   0.0000000000000000     
   0.0000000000000000     
   0.0000000000000000     
   0.0000000000000000     
   0.0000000000000000     
   0.0000000000000000     
   0.0000000000000000     
   0.0000000000000000     
   0.0000000000000000     
   0.0000000000000000     
   0.0000000000000000     
   0.0000000000000000     
   0.0000000000000000     
  -1.1481578555890100     
  -1.1752296645352749     
 -0.73194585004305190     
 -0.56954494975810310     
 -0.61224064963778568     
  0.13702710262464385     
   1.0484794707514034     
  0.34561917403639963     
  -1.5988642679776914     
  -2.1117622974887738     
   2.2902025856343484     
 -0.74904360826592287     
 -0.57056557298324106     
 -0.56218334755922261     
  0.26836692552222030     
   1.2364388612164090     
  0.44988435381062364     
  -1.7730300279065125     
  -2.5106306606058815     
   1.6596626483421510     
   2.4789867146053899     
   2.1450365727488689     
  -3.4546076290829846     
  -3.2720397958105063     
  -3.0878974253904961     
  -2.9668857781052926     
  -2.8550391038183380     
  -2.8111537976084913     
  -2.8988169784637772     
  -3.1405157445309655     
  -3.5531499270164897     
  -4.3737158166732870     
  -4.1898371395273877     
  -3.9959996440731484     
  -3.8622781052633401     
  -3.7452660028018485     
  -3.7029891256536831     
  -3.7943542959603098     
  -4.0366600791581000     
  -4.4462215407571231     
  -3.6413827818667754     
  -4.5634553196244108     
  -3.4414156408345895     
  -3.2683042724712723     
  -3.0950281160276591     
  -2.9593902358545692     
  -2.8353523241926686     
  -2.8147561683211486     
  -2.8881251181000342     
  -3.0889564650717363     
  -3.5159058125575826     
  -4.3604291981825964     
  -4.1785336006625755     
  -3.9980459732692251     
  -3.8532793573759778     
  -3.7193206895222075     
  -3.6983296079413099     
  -3.7828114244929889     
  -3.9940415302735146     
  -4.4308410427438263     
  -4.0211098215652523     
  -4.9455562594058788     
  -2.0390168387468175     
  0.48533766582491628     
   8.0984704978639716E-002
 -0.32813363675603935     
 -0.46331124925471029     
  0.89666438482251465     
 -0.69621439155093023     
 -0.24243080978051712     
 -0.40508038231527721     
   1.8686074803641255     
   1.5253998926697236     
 -0.77112788150042499     
  -1.8285496574814535     
  0.31678880587980512     
   5.5133886111077921E-004
 -0.22262477378845005     
 -0.13646448708365977     
  0.72927256298577248     
 -0.28236514268378632     
 -0.70141087013312275     
 -0.65439827099187731     
   2.5417568522838705     
   1.5056783603504247     
 -0.30532423441649825     
  -3.8500079428065175     
  -3.6771931611633586     
  -3.9151570236309481     
  -4.2715637490923619     
  -4.1872055496784588     
  -3.7835685516609492     
  -3.7043957104518959     
  -4.0844258318507682     
  -4.4388820705797505     
  -4.6101743588004931     
  -4.6402125885199856     
  -4.4420445283985135     
  -2.8128346771070887     
  -3.2814628116820801     
  -2.8946129053769045     
  -3.1732269836730422     
  -2.7900363250073199     
  -2.9532059725960957     
  -3.3545182769388866     
  -3.0127128057055517     
  -3.6867123034567917     
  -3.5026193545334277     
  -3.7416022044321902     
  -3.5347963732339442     
displacement 3
Perm: use previous
   0.0000000000000000     
   0.0000000000000000     
   0.0000000000000000     
   0.0000000000000000     
   1.2834124975071854     
   1.2926744174795710     
   11.327605186089661     
   11.301398809603254     
  -57.010595478067643     
   22.900213775455416     
  -57.009956269371706     
   22.903209593542801     
  -47.780791669007080     
  -47.781648650817452     
   32.153104311916969     
   32.153190058497046     
   0.0000000000000000     
   0.0000000000000000     
   0.0000000000000000     
   0.0000000000000000     
   0.0000000000000000     
   0.0000000000000000     
   0.0000000000000000     
   0.0000000000000000     
   0.0000000000000000     
   0.0000000000000000     
   0.0000000000000000     
   0.0000000000000000     
   0.0000000000000000     
   0.0000000000000000     
   0.0000000000000000     
   0.0000000000000000     
   0.0000000000000000     
   0.0000000000000000     
  0.75553004288650727     
  0.76819670321999833     
  0.92030792163305042     
  0.43777628106379135     
  -2.0309895601824555     
  -6.3659971574349870     
  -10.150727564138911     
  -6.6745103537002430     
   6.4295543715290613     
   14.420913125635062     
   17.695246905030977     
  0.92209125505271150     
  0.42744865599587240     
  -2.0632516644511307     
  -6.3954942029047128     
  -10.169324521824795     
  -6.6687088981384370     
   6.4538508551383691     
   14.438269916896704     
   17.678686666637041     
  -4.8680987384908878     
  -4.8609989089489298     
  -47.991515289929154     
  -39.041080837452881     
  -30.215725972422387     
  -21.517177319131740     
  -13.125613743154604     
  -5.2341114527025487     
   2.2472213776323793     
   9.4153126434964811     
   16.265513751448083     
  -47.990679069687573     
  -39.042719222356027     
  -30.211843030031503     
  -21.514405134150095     
  -13.123535818703965     
  -5.2291746435956830     
   2.2495661580509934     
   9.4247551306363224     
   16.269508945923604     
  -52.403252577330178     
  -52.403418838305520     
  -38.768238755093449     
  -29.885850552309911     
  -21.146072743423129     
  -12.569779374390178     
  -4.2792545932283543     
   3.6424366424041126     
   11.202444791176376     
   18.455766034981377     
   25.344618852153992     
  -38.770081774657953     
  -29.887140199931991     
  -21.148403348514826     
  -12.570189733288196     
  -4.2873391758997696     
   3.6410522861364192     
   11.195841738111010     
   18.449432557735264     
   25.344739610569381     
   27.499571438831129     
   27.502034479851897     
   3.6276797659704250     
  -3.9513950209159319     
  -1.8657354304842531     
  0.38365797372445687     
   2.3815598830418083     
  -4.3051177309361615     
 -0.92035340301861135     
 -0.27433793184430960     
  0.39329752793800832     
   1.1640083666405276     
  -8.5970905159215949     
  0.75557884476415560     
   3.6143683590936146     
  -3.9464415206027854     
  -1.8176887039798615     
  0.29073821927353938     
   2.3922025231242752     
  -4.2777474217084155     
 -0.30351063069613116     
 -0.93638326450596610     
  0.65413365295103643     
   1.1939288005910818     
  -8.5663926693705132     
  0.30760965738669510     
   10.352739241827301     
  -4.8935101461707591     
  -21.359965394838405     
  -38.281473620764935     
   16.876189330024168     
  -12.722446659011780     
   3.1010268931784961     
  -30.294745926846016     
  -47.705089363511000     
   24.324182704832001     
   21.626169501299866     
  -45.210836378221444     
   2.8185077327368036     
   16.730823669956752     
  -13.025866830277785     
  -29.863499228380526     
  -4.5917620734561639     
   10.590728406958254     
  -39.513648617320889     
  -21.336882975756513     
   24.280911147716893     
  -45.230596289570300     
   21.637020540065738     
  -49.123034686560111     
Time:       4      1  1.00000000E+000
displacement 1
Perm:          144          144
          1        144
          2         84
          3        143
          4         77
          5        134
          6        130
          7         74
          8         73
          9         72
         10         12
         11         71
         12         11
         13         62
         14         58
         15          2
         16          1
         17        142
         18        136
         19        128
         20        120
         21        114
         22        108
         23        102
         24         96
         25         90
         26        139
         27        132
         28        123
         29        115
         30        109
         31        103
         32        101
         33         94
         34         86
         35        141
         36        138
         37        125
         38        124
         39        116
         40        112
         41        106
         42         98
         43         91
         44         88
         45         81
         46        122
         47        121
         48        118
         49        110
         50        105
         51         97
         52         92
         53         87
         54         80
         55         76
         56         75
         57         70
         58         64
         59         56
         60         48
         61         42
         62         36
         63         30
         64         24
         65         18
         66         67
         67         60
         68         55
         69         46
         70         38
         71         31
         72         25
         73         23
         74         16
         75         69
         76         66
         77         52
         78         51
         79         43
         80         40
         81         33
         82         26
         83         20
         84         13
         85          9
         86         50
         87         49
         88         44
         89         37
         90         32
         91         28
         92         19
         93         14
         94          6
         95          4
         96          3
         97         93
         98        104
         99        117
        100        131
        101         85
        102        111
        103        100
        104        127
        105        137
        106         79
        107         83
        108        129
        109         95
        110        107
        111        119
        112        135
        113         89
        114        113
        115        126
        116         99
        117        133
        118         78
        119         82
        120        140
        121         22
        122         35
        123         45
        124         59
        125         15
        126         39
        127         27
        128         54
        129         65
        130          5
        131          8
        132         57
        133         29
        134         17
        135         41
        136         53
        137         34
        138         21
        139         63
        140         47
        141          7
        142         61
        143         10
        144         68
   0.0000000000000000     
   0.0000000000000000     
   0.0000000000000000     
   0.0000000000000000     
   0.0000000000000000     
   0.0000000000000000     
   0.0000000000000000     
   0.0000000000000000     
   0.0000000000000000     
   0.0000000000000000     
   0.0000000000000000     
   0.0000000000000000     
   0.0000000000000000     
   0.0000000000000000     
   0.0000000000000000     
   0.0000000000000000     
   0.0000000000000000     
   0.0000000000000000     
   0.0000000000000000     
   0.0000000000000000     
   0.0000000000000000     
   0.0000000000000000     
   0.0000000000000000     
   0.0000000000000000     
   0.0000000000000000     
   0.0000000000000000     
   0.0000000000000000     
   0.0000000000000000     
   0.0000000000000000     
   0.0000000000000000     
   0.0000000000000000     
   0.0000000000000000     
   0.0000000000000000     
   0.0000000000000000     
   0.0000000000000000     
   0.0000000000000000     
   0.0000000000000000     
   0.0000000000000000     
   0.0000000000000000     
   0.0000000000000000     
   0.0000000000000000     
   0.0000000000000000     
   0.0000000000000000     
   0.0000000000000000     
   0.0000000000000000     
   0.0000000000000000     
   0.0000000000000000     
   0.0000000000000000     
   0.0000000000000000     
   0.0000000000000000     
   0.0000000000000000     
   0.0000000000000000     
   0.0000000000000000     
   0.0000000000000000     
   0.0000000000000000     
   0.0000000000000000     
   0.0000000000000000     
   0.0000000000000000     
   0.0000000000000000     
   0.0000000000000000     
   0.0000000000000000     
   0.0000000000000000     
   0.0000000000000000     
   0.0000000000000000     
   0.0000000000000000     
   0.0000000000000000     
   0.0000000000000000     
   0.0000000000000000     
   0.0000000000000000     
   0.0000000000000000     
   0.0000000000000000     
   0.0000000000000000     
   0.0000000000000000     
   0.0000000000000000     
   0.0000000000000000     
   0.0000000000000000     
   0.0000000000000000     
   0.0000000000000000     
   0.0000000000000000     
   0.0000000000000000     
   0.0000000000000000     
   0.0000000000000000     
   0.0000000000000000     
   0.0000000000000000     
   0.0000000000000000     
   0.0000000000000000     
   0.0000000000000000     
   0.0000000000000000     
   0.0000000000000000     
   0.0000000000000000     
   0.0000000000000000     
   0.0000000000000000     
   0.0000000000000000     
   0.0000000000000000     
   0.0000000000000000     
   0.0000000000000000     
   0.0000000000000000     
   0.0000000000000000     
   0.0000000000000000     
   0.0000000000000000     
   0.0000000000000000     
   0.0000000000000000     
   0.0000000000000000     
   0.0000000000000000     
   0.0000000000000000     
   0.0000000000000000     
   0.0000000000000000     
   0.0000000000000000     
   0.0000000000000000     
   0.0000000000000000     
   0.0000000000000000     
   0.0000000000000000     
   0.0000000000000000     
   0.0000000000000000     
   0.0000000000000000     
   0.0000000000000000     
   0.0000000000000000     
   0.0000000000000000     
   0.0000000000000000     
   0.0000000000000000     
   0.0000000000000000     
   0.0000000000000000     
   0.0000000000000000     
   0.0000000000000000     
   0.0000000000000000     
   0.0000000000000000     
   0.0000000000000000     
   0.0000000000000000     
   0.0000000000000000     
   0.0000000000000000     
   0.0000000000000000     
   0.0000000000000000     
   0.0000000000000000     
   0.0000000000000000     
   0.0000000000000000     
   0.0000000000000000     
   0.0000000000000000     
   0.0000000000000000     
   0.0000000000000000     
   0.0000000000000000     
   0.0000000000000000     
   0.0000000000000000     
   0.0000000000000000     
   0.0000000000000000     
displacement 2
Perm: use previous
   0.0000000000000000     
   0.0000000000000000     
   0.0000000000000000     
   0.0000000000000000     
   0.0000000000000000     
   0.0000000000000000     
   0.0000000000000000     
   0.0000000000000000     
   0.0000000000000000     
   0.0000000000000000     
   0.0000000000000000     
   0.0000000000000000     
   0.0000000000000000     
   0.0000000000000000     
   0.0000000000000000     
   0.0000000000000000     
   0.0000000000000000     
   0.0000000000000000     
   0.0000000000000000     
   0.0000000000000000     
   0.0000000000000000     
   0.0000000000000000     
   0.0000000000000000     
   0.0000000000000000     
   0.0000000000000000     
   0.0000000000000000     
   0.0000000000000000     
   0.0000000000000000     
   0.0000000000000000     
   0.0000000000000000     
   0.0000000000000000     
   0.0000000000000000     
   0.0000000000000000     
   0.0000000000000000     
   0.0000000000000000     
   0.0000000000000000     
   0.0000000000000000     
   0.0000000000000000     
   0.0000000000000000     
   0.0000000000000000     
   0.0000000000000000     
   0.0000000000000000     
   0.0000000000000000     
   0.0000000000000000     
   0.0000000000000000     
   0.0000000000000000     
   0.0000000000000000     
   0.0000000000000000     
   0.0000000000000000     
   0.0000000000000000     
   0.0000000000000000     
   0.0000000000000000     
   0.0000000000000000     
   0.0000000000000000     
   0.0000000000000000     
   0.0000000000000000     
   0.0000000000000000     
   0.0000000000000000     
   0.0000000000000000     
   0.0000000000000000     
   0.0000000000000000     
   0.0000000000000000     
   0.0000000000000000     
   0.0000000000000000     
   0.0000000000000000     
   0.0000000000000000     
   0.0000000000000000     
   0.0000000000000000     
   0.0000000000000000     
   0.0000000000000000     
   0.0000000000000000     
   0.0000000000000000     
   0.0000000000000000     
   0.0000000000000000     
   0.0000000000000000     
   0.0000000000000000     
   0.0000000000000000     
   0.0000000000000000     
   0.0000000000000000     
   0.0000000000000000     
   0.0000000000000000     
   0.0000000000000000     
   0.0000000000000000     
   0.0000000000000000     
   0.0000000000000000     
   0.0000000000000000     
   0.0000000000000000     
   0.0000000000000000     
   0.0000000000000000     
   0.0000000000000000     
   0.0000000000000000     
   0.0000000000000000     
   0.0000000000000000     
   0.0000000000000000     
   0.0000000000000000     
   0.0000000000000000     
   0.0000000000000000     
   0.0000000000000000     
   0.0000000000000000     
   0.0000000000000000     
   0.0000000000000000     
   0.0000000000000000     
   0.0000000000000000     
   0.0000000000000000     
   0.0000000000000000     
   0.0000000000000000     
   0.0000000000000000     
   0.0000000000000000     
   0.0000000000000000     
   0.0000000000000000     
   0.0000000000000000     
   0.0000000000000000     
   0.0000000000000000     
   0.0000000000000000     
   0.0000000000000000     
   0.0000000000000000     
   0.0000000000000000     
   0.0000000000000000     
   0.0000000000000000     
   0.0000000000000000     
   0.0000000000000000     
   0.0000000000000000     
   0.0000000000000000     
   0.0000000000000000     
   0.0000000000000000     
   0.0000000000000000     
   0.0000000000000000     
   0.0000000000000000     
   0.0000000000000000     
   0.0000000000000000     
   0.0000000000000000     
   0.0000000000000000     
   0.0000000000000000     
   0.0000000000000000     
   0.0000000000000000     
   0.0000000000000000     
   0.0000000000000000     
   0.0000000000000000     
   0.0000000000000000     
   0.0000000000000000     
   0.0000000000000000     
   0.0000000000000000     
   0.0000000000000000     
   0.0000000000000000     
displacement 3
Perm: use previous
   0.0000000000000000     
   0.0000000000000000     
   0.0000000000000000     
   0.0000000000000000     
   0.0000000000000000     
   0.0000000000000000     
   0.0000000000000000     
   0.0000000000000000     
   0.0000000000000000     
   0.0000000000000000     
   0.0000000000000000     
   0.0000000000000000     
   0.0000000000000000     
   0.0000000000000000     
   0.0000000000000000     
   0.0000000000000000     
   0.0000000000000000     
   0.0000000000000000     
   0.0000000000000000     
   0.0000000000000000     
   0.0000000000000000     
   0.0000000000000000     
   0.0000000000000000     
   0.0000000000000000     
   0.0000000000000000     
   0.0000000000000000     
   0.0000000000000000     
   0.0000000000000000     
   0.0000000000000000     
   0.0000000000000000     
   0.0000000000000000     
   0.0000000000000000     
   0.0000000000000000     
   0.0000000000000000     
   0.0000000000000000     
   0.0000000000000000     
   0.0000000000000000     
   0.0000000000000000     
   0.0000000000000000     
   0.0000000000000000     
   0.0000000000000000     
   0.0000000000000000     
   0.0000000000000000     
   0.0000000000000000     
   0.0000000000000000     
   0.0000000000000000     
   0.0000000000000000     
   0.0000000000000000     
   0.0000000000000000     
   0.0000000000000000     
   0.0000000000000000     
   0.0000000000000000     
   0.0000000000000000     
   0.0000000000000000     
   0.0000000000000000     
   0.0000000000000000     
   0.0000000000000000     
   0.0000000000000000     
   0.0000000000000000     
   0.0000000000000000     
   0.0000000000000000     
   0.0000000000000000     
   0.0000000000000000     
   0.0000000000000000     
   0.0000000000000000     
   0.0000000000000000     
   0.0000000000000000     
   0.0000000000000000     
   0.0000000000000000     
   0.0000000000000000     
   0.0000000000000000     
   0.0000000000000000     
   0.0000000000000000     
   0.0000000000000000     
   0.0000000000000000     
   0.0000000000000000     
   0.0000000000000000     
   0.0000000000000000     
   0.0000000000000000     
   0.0000000000000000     
   0.0000000000000000     
   0.0000000000000000     
   0.0000000000000000     
   0.0000000000000000     
   0.0000000000000000     
   0.0000000000000000     
   0.0000000000000000     
   0.0000000000000000     
   0.0000000000000000     
   0.0000000000000000     
   0.0000000000000000     
   0.0000000000000000     
   0.0000000000000000     
   0.0000000000000000     
   0.0000000000000000     
   0.0000000000000000     
   0.0000000000000000     
   0.0000000000000000     
   0.0000000000000000     
   0.0000000000000000     
   0.0000000000000000     
   0.0000000000000000     
   0.0000000000000000     
   0.0000000000000000     
   0.0000000000000000     
   0.0000000000000000     
   0.0000000000000000     
   0.0000000000000000     
   0.0000000000000000     
   0.0000000000000000     
   0.0000000000000000     
   0.0000000000000000     
   0.0000000000000000     
   0.0000000000000000     
   0.0000000000000000     
   0.0000000000000000     
   0.0000000000000000     
   0.0000000000000000     
   0.0000000000000000     
   0.0000000000000000     
   0.0000000000000000     
   0.0000000000000000     
   0.0000000000000000     
   0.0000000000000000     
   0.0000000000000000     
   0.0000000000000000     
   0.0000000000000000     
   0.0000000000000000     
   0.0000000000000000     
   0.0000000000000000     
   0.0000000000000000     
   0.0000000000000000     
   0.0000000000000000     
   0.0000000000000000     
   0.0000000000000000     
   0.0000000000000000     
   0.0000000000000000     
   0.0000000000000000     
   0.0000000000000000     
   0.0000000000000000     
   0.0000000000000000     
   0.0000000000000000     
   0.0000000000000000     
   0.0000000000000000     
